start=809.809000
volume=0.000000
