start=1666.898567
volume=5.000000
