start=730.262867
volume=5.000000
