start=852.685167
volume=20.000000
