start=12.200000
volume=0.000000
mute=yes
