start=656.280625
volume=0.000000
