start=2740.404000
volume=65.000000
fullscreen=yes
sid=1
