start=4027.357000
volume=64.000000
fullscreen=yes
